00611573
00006491
01431420
00263046
21149636
00850987
02236217
21629182
21440633
21678997
21670924
21670928
21670934
21964283
21959536
21959534
21959587
21601654
00440627
21965041
21965039
21959715
21959687
20893240
00096021
00096019
00096020
00096018
02052432
02052433
00572580
00125530
21959623
21959621
21959611
21959609
21636533
01990636
00459517
21619890
21464993
21611757
21275924
21619746
21954842
22032343
22032183
22032145
22032347
22032179
22032345
22032171
21636474